<?xml version="1.0" encoding="UTF-8" standalone="no"?>
<!DOCTYPE svg PUBLIC "-//W3C//DTD SVG 20010904//EN"
              "http://www.w3.org/TR/2001/REC-SVG-20010904/DTD/svg10.dtd">

<svg xmlns="http://www.w3.org/2000/svg"
     width="10in" height="15in"
     viewBox="0 0 720 1080">
  <path id="Selection #2"
        fill="none" stroke="black" stroke-width="1"
        d="M 720.00,2.00
           C 720.00,2.00 720.00,1078.00 720.00,1078.00
             720.00,1078.00 0.00,1078.00 0.00,1078.00
             0.00,1078.00 0.00,2.00 0.00,2.00
             0.00,2.00 720.00,2.00 720.00,2.00 Z
           M 649.00,174.00
           C 649.00,174.00 644.80,198.00 644.80,198.00
             644.80,198.00 635.39,247.00 635.39,247.00
             635.39,247.00 631.00,272.00 631.00,272.00
             631.00,272.00 654.00,272.00 654.00,272.00
             654.00,272.00 659.40,244.00 659.40,244.00
             660.56,238.18 661.33,232.22 664.36,227.00
             667.68,221.28 674.74,214.49 681.95,217.66
             688.14,220.38 686.66,226.75 685.75,232.00
             685.75,232.00 678.00,272.00 678.00,272.00
             678.00,272.00 702.00,272.00 702.00,272.00
             703.41,254.80 711.20,235.12 711.00,218.00
             710.82,203.11 702.58,198.84 689.00,199.00
             679.44,199.12 673.27,203.21 666.00,209.00
             666.00,209.00 673.00,174.00 673.00,174.00
             673.00,174.00 649.00,174.00 649.00,174.00 Z
           M 324.00,178.00
           C 324.00,178.00 321.00,196.00 321.00,196.00
             321.00,196.00 351.00,196.00 351.00,196.00
             351.00,196.00 337.00,272.00 337.00,272.00
             337.00,272.00 362.00,272.00 362.00,272.00
             362.00,272.00 371.00,225.00 371.00,225.00
             371.00,225.00 376.00,196.00 376.00,196.00
             376.00,196.00 408.00,196.00 408.00,196.00
             408.00,196.00 411.00,178.00 411.00,178.00
             411.00,178.00 324.00,178.00 324.00,178.00 Z
           M 29.86,194.00
           C 29.86,194.00 23.61,183.02 23.61,183.02
             23.61,183.02 10.00,182.00 10.00,182.00
             10.00,182.00 26.25,217.00 26.25,217.00
             26.25,217.00 32.98,231.42 32.98,231.42
             32.98,231.42 30.79,245.00 30.79,245.00
             30.79,245.00 25.00,276.00 25.00,276.00
             25.00,276.00 39.00,276.00 39.00,276.00
             39.00,276.00 44.20,247.00 44.20,247.00
             44.20,247.00 47.90,232.00 47.90,232.00
             47.90,232.00 60.13,217.00 60.13,217.00
             60.13,217.00 90.00,182.00 90.00,182.00
             90.00,182.00 74.17,183.02 74.17,183.02
             74.17,183.02 63.73,194.00 63.73,194.00
             63.73,194.00 41.00,219.00 41.00,219.00
             41.00,219.00 29.86,194.00 29.86,194.00 Z
           M 400.44,231.00
           C 398.78,236.61 398.94,240.27 399.00,246.00
             399.21,263.51 412.13,273.80 429.00,274.00
             443.00,274.16 454.52,272.40 464.96,261.96
             479.02,247.91 485.35,218.03 467.00,204.79
             458.11,198.38 446.49,198.29 436.00,199.29
             418.06,202.27 405.59,213.50 400.44,231.00 Z
           M 617.00,199.00
           C 606.92,198.89 598.35,198.70 589.00,203.37
             582.34,206.71 576.32,211.91 572.04,218.00
             563.62,229.99 559.38,253.15 570.33,264.82
             578.99,274.05 591.41,274.13 603.00,274.00
             606.91,273.95 617.61,272.74 620.42,270.15
             622.80,267.94 624.51,255.63 625.00,252.00
             615.84,254.61 605.68,261.03 596.00,255.15
             579.78,245.28 591.87,214.41 614.00,215.76
             621.27,216.20 624.49,219.14 631.00,221.00
             631.00,221.00 634.00,202.00 634.00,202.00
             627.33,200.66 624.05,199.09 617.00,199.00 Z
           M 491.00,201.00
           C 491.00,201.00 483.00,251.00 483.00,251.00
             482.95,255.88 482.56,260.50 484.84,265.00
             489.81,274.81 504.74,276.08 514.00,272.53
             519.37,270.48 522.80,267.81 527.00,264.00
             527.00,264.00 526.00,272.00 526.00,272.00
             526.00,272.00 550.00,272.00 550.00,272.00
             550.00,272.00 563.00,201.00 563.00,201.00
             563.00,201.00 548.00,201.00 548.00,201.00
             545.96,201.00 542.23,200.76 540.58,202.02
             538.42,203.67 537.16,213.06 536.61,216.00
             534.58,226.84 533.23,242.64 525.67,250.93
             520.13,256.95 510.12,258.89 507.18,250.93
             505.87,247.40 507.27,241.70 508.00,238.00
             508.00,238.00 510.80,223.00 510.80,223.00
             510.80,223.00 515.00,201.00 515.00,201.00
             515.00,201.00 491.00,201.00 491.00,201.00 Z
           M 73.00,252.00
           C 73.19,267.08 82.60,277.81 98.00,278.00
             112.63,278.17 122.44,274.46 131.37,262.00
             141.52,247.83 145.83,217.85 129.00,206.97
             121.89,202.37 113.15,202.43 105.00,203.32
             81.56,208.58 72.74,230.17 73.00,252.00 Z
           M 258.00,212.00
           C 258.00,212.00 259.00,205.00 259.00,205.00
             259.00,205.00 246.00,205.00 246.00,205.00
             246.00,205.00 233.00,276.00 233.00,276.00
             233.00,276.00 238.00,276.00 238.00,276.00
             246.78,275.95 245.32,275.41 249.00,257.00
             251.97,242.13 253.81,218.80 272.00,214.37
             276.68,213.22 281.37,214.16 286.00,215.00
             286.00,215.00 288.00,203.00 288.00,203.00
             273.82,203.00 269.68,202.15 258.00,212.00 Z
           M 162.00,205.00
           C 162.00,205.00 153.00,256.00 153.00,256.00
             152.96,260.09 152.70,264.17 154.36,268.00
             159.44,279.69 175.81,280.06 186.00,275.66
             191.56,273.26 193.74,271.15 198.00,267.00
             198.00,267.00 196.00,276.00 196.00,276.00
             196.00,276.00 209.00,276.00 209.00,276.00
             209.00,276.00 222.00,205.00 222.00,205.00
             222.00,205.00 217.00,205.00 217.00,205.00
             208.24,205.06 209.46,205.68 206.40,221.00
             203.73,234.35 202.71,252.42 191.98,261.79
             185.29,267.64 172.06,270.74 166.91,260.98
             165.28,257.61 166.12,251.64 166.91,248.00
             166.91,248.00 170.08,231.00 170.08,231.00
             170.08,231.00 175.00,205.00 175.00,205.00
             175.00,205.00 162.00,205.00 162.00,205.00 Z
           M 351.00,399.00
           C 351.00,399.00 351.00,415.00 351.00,415.00
             348.59,413.22 347.05,411.89 344.00,411.27
             330.58,408.56 326.86,419.04 327.00,430.00
             327.14,440.43 332.81,447.78 344.00,445.77
             347.25,445.19 348.52,443.96 351.00,442.00
             352.27,445.06 352.79,444.72 356.00,445.00
             356.00,445.00 356.00,399.00 356.00,399.00
             356.00,399.00 351.00,399.00 351.00,399.00 Z
           M 264.00,401.00
           C 264.00,401.00 264.00,429.00 264.00,429.00
             264.02,433.33 264.00,436.27 266.65,439.98
             271.70,447.06 285.34,448.51 291.90,442.72
             296.53,438.64 296.97,434.75 297.00,429.00
             297.00,429.00 297.00,401.00 297.00,401.00
             297.00,401.00 292.00,401.00 292.00,401.00
             292.00,409.10 292.57,423.68 291.06,431.00
             289.79,437.17 285.54,441.02 279.00,440.14
             272.33,439.25 270.55,434.88 269.59,429.00
             269.59,429.00 269.00,401.00 269.00,401.00
             269.00,401.00 264.00,401.00 264.00,401.00 Z
           M 324.99,417.04
           C 321.17,408.07 309.64,409.97 304.00,416.00
             304.00,416.00 304.00,412.00 304.00,412.00
             304.00,412.00 299.00,412.00 299.00,412.00
             299.00,412.00 299.00,445.00 299.00,445.00
             299.00,445.00 304.00,445.00 304.00,445.00
             304.00,439.19 303.16,426.72 305.93,422.02
             308.29,418.03 313.51,414.85 317.59,418.57
             322.29,422.87 321.00,438.65 321.00,445.00
             321.00,445.00 326.00,445.00 326.00,445.00
             326.00,439.50 326.69,421.02 324.99,417.04 Z
           M 384.35,416.08
           C 378.99,408.83 366.00,409.41 360.42,416.08
             357.03,420.16 356.89,424.99 357.01,430.00
             357.18,436.94 359.92,442.97 367.00,445.20
             370.83,446.40 382.35,446.81 385.01,443.30
             386.10,441.85 385.94,439.72 386.00,438.00
             378.37,439.72 370.26,442.95 364.72,434.96
             363.54,433.25 362.77,430.93 362.00,429.00
             362.00,429.00 387.00,429.00 387.00,429.00
             387.00,424.23 387.38,420.14 384.35,416.08 Z
           M 393.00,415.00
           C 391.73,411.94 391.21,412.28 388.00,412.00
             388.00,412.00 388.00,445.00 388.00,445.00
             388.00,445.00 393.00,445.00 393.00,445.00
             393.00,437.03 391.01,421.19 400.02,417.52
             402.21,416.62 404.69,416.89 407.00,417.00
             407.00,417.00 407.00,411.00 407.00,411.00
             400.12,411.02 398.81,410.91 393.00,415.00 Z
           M 443.00,569.00
           C 443.00,569.00 443.00,647.00 443.00,647.00
             443.00,647.00 461.00,647.00 461.00,647.00
             461.00,647.00 461.00,569.00 461.00,569.00
             461.00,569.00 443.00,569.00 443.00,569.00 Z
           M 517.00,569.00
           C 517.00,569.00 516.00,598.00 516.00,598.00
             510.02,585.98 489.67,584.94 479.80,599.00
             473.05,608.61 473.05,628.39 479.80,638.00
             489.23,651.43 506.90,651.68 517.00,639.00
             517.00,639.00 517.00,647.00 517.00,647.00
             517.00,647.00 535.00,647.00 535.00,647.00
             535.00,647.00 535.00,569.00 535.00,569.00
             535.00,569.00 517.00,569.00 517.00,569.00 Z
           M 201.00,573.00
           C 201.00,573.00 207.13,601.00 207.13,601.00
             207.13,601.00 218.00,647.00 218.00,647.00
             218.00,647.00 234.00,647.00 234.00,647.00
             236.77,646.98 239.72,647.41 241.35,644.71
             242.59,642.65 244.94,631.08 245.65,628.00
             245.65,628.00 253.00,595.00 253.00,595.00
             253.00,595.00 255.00,595.00 255.00,595.00
             255.00,595.00 263.13,631.00 263.13,631.00
             263.13,631.00 267.14,645.43 267.14,645.43
             267.14,645.43 275.00,647.00 275.00,647.00
             275.00,647.00 282.00,647.00 282.00,647.00
             282.00,647.00 289.27,646.01 289.27,646.01
             289.27,646.01 294.12,630.00 294.12,630.00
             294.12,630.00 307.00,573.00 307.00,573.00
             307.00,573.00 288.00,573.00 288.00,573.00
             288.00,573.00 277.00,623.00 277.00,623.00
             277.00,623.00 275.00,623.00 275.00,623.00
             275.00,623.00 264.00,573.00 264.00,573.00
             264.00,573.00 244.00,573.00 244.00,573.00
             244.00,573.00 232.00,623.00 232.00,623.00
             232.00,623.00 226.12,599.00 226.12,599.00
             226.12,599.00 220.00,573.00 220.00,573.00
             220.00,573.00 201.00,573.00 201.00,573.00 Z
           M 321.39,597.01
           C 313.59,606.72 313.88,627.61 322.21,636.96
             328.08,643.55 335.41,645.90 344.00,646.00
             353.87,646.11 361.17,646.03 368.96,638.82
             380.92,627.73 380.01,602.58 367.00,592.53
             359.02,586.37 348.59,586.35 339.00,587.30
             331.61,588.70 326.26,590.95 321.39,597.01 Z
           M 410.00,598.00
           C 410.00,598.00 410.00,591.00 410.00,591.00
             410.00,591.00 392.00,591.00 392.00,591.00
             392.00,591.00 392.00,647.00 392.00,647.00
             392.00,647.00 410.00,647.00 410.00,647.00
             410.00,637.92 409.39,625.64 410.92,617.00
             412.01,610.89 414.32,605.58 421.00,604.03
             424.60,603.20 429.38,604.34 433.00,605.00
             433.00,605.00 433.00,589.00 433.00,589.00
             420.30,589.00 419.42,588.67 410.00,598.00 Z" />
</svg>
